1 
1 3 
1 3 4 
1 3 4 8 
1 3 4 8 15 
1 3 4 8 15 18 
1 3 4 8 18 
1 3 4 15 
1 3 4 15 18 
1 3 4 18 
1 3 8 
1 3 8 15 
1 3 8 15 18 
1 3 8 18 
1 3 15 
1 3 15 18 
1 3 18 
1 4 
1 4 8 
1 4 8 15 
1 4 8 15 18 
1 4 8 18 
1 4 15 
1 4 15 18 
1 4 18 
1 8 
1 8 15 
1 8 15 18 
1 8 18 
1 10 
1 10 17 
1 10 17 18 
1 10 18 
1 14 
1 14 16 
1 15 
1 15 18 
1 16 
1 17 
1 17 18 
1 18 
2 
2 3 
2 3 8 
2 3 8 12 
2 3 8 12 15 
2 3 8 12 15 17 
2 3 8 12 17 
2 3 8 15 
2 3 8 15 17 
2 3 8 17 
2 3 12 
2 3 12 15 
2 3 12 15 17 
2 3 12 17 
2 3 15 
2 3 15 17 
2 3 17 
2 4 
2 4 10 
2 4 10 11 
2 4 10 11 16 
2 4 10 11 16 18 
2 4 10 11 18 
2 4 10 12 
2 4 10 12 14 
2 4 10 12 14 16 
2 4 10 12 14 16 17 
2 4 10 12 14 17 
2 4 10 12 16 
2 4 10 12 16 17 
2 4 10 12 17 
2 4 10 14 
2 4 10 14 16 
2 4 10 14 16 17 
2 4 10 14 17 
2 4 10 16 
2 4 10 16 17 
2 4 10 16 18 
2 4 10 17 
2 4 10 18 
2 4 11 
2 4 11 16 
2 4 11 16 18 
2 4 11 18 
2 4 12 
2 4 12 14 
2 4 12 14 16 
2 4 12 14 16 17 
2 4 12 14 17 
2 4 12 16 
2 4 12 16 17 
2 4 12 17 
2 4 14 
2 4 14 16 
2 4 14 16 17 
2 4 14 17 
2 4 16 
2 4 16 17 
2 4 16 18 
2 4 17 
2 4 18 
2 8 
2 8 12 
2 8 12 15 
2 8 12 15 17 
2 8 12 17 
2 8 15 
2 8 15 17 
2 8 17 
2 10 
2 10 11 
2 10 11 16 
2 10 11 16 18 
2 10 11 18 
2 10 12 
2 10 12 14 
2 10 12 14 16 
2 10 12 14 16 17 
2 10 12 14 17 
2 10 12 16 
2 10 12 16 17 
2 10 12 17 
2 10 14 
2 10 14 16 
2 10 14 16 17 
2 10 14 17 
2 10 16 
2 10 16 17 
2 10 16 18 
2 10 17 
2 10 18 
2 11 
2 11 16 
2 11 16 18 
2 11 18 
2 12 
2 12 14 
2 12 14 16 
2 12 14 16 17 
2 12 14 17 
2 12 15 
2 12 15 17 
2 12 16 
2 12 16 17 
2 12 17 
2 14 
2 14 16 
2 14 16 17 
2 14 17 
2 15 
2 15 17 
2 16 
2 16 17 
2 16 18 
2 17 
2 18 
3 
3 4 
3 4 8 
3 4 8 15 
3 4 8 15 18 
3 4 8 18 
3 4 11 
3 4 11 15 
3 4 11 15 17 
3 4 11 15 17 18 
3 4 11 15 18 
3 4 11 17 
3 4 11 17 18 
3 4 11 18 
3 4 15 
3 4 15 17 
3 4 15 17 18 
3 4 15 18 
3 4 17 
3 4 17 18 
3 4 18 
3 5 
3 5 6 
3 5 6 8 
3 5 6 8 9 
3 5 6 8 9 12 
3 5 6 8 9 12 15 
3 5 6 8 9 15 
3 5 6 8 12 
3 5 6 8 12 15 
3 5 6 8 15 
3 5 6 9 
3 5 6 9 12 
3 5 6 9 12 15 
3 5 6 9 15 
3 5 6 12 
3 5 6 12 15 
3 5 6 15 
3 5 8 
3 5 8 9 
3 5 8 9 12 
3 5 8 9 12 15 
3 5 8 9 15 
3 5 8 12 
3 5 8 12 15 
3 5 8 15 
3 5 9 
3 5 9 12 
3 5 9 12 15 
3 5 9 15 
3 5 12 
3 5 12 15 
3 5 15 
3 6 
3 6 8 
3 6 8 9 
3 6 8 9 12 
3 6 8 9 12 15 
3 6 8 9 15 
3 6 8 12 
3 6 8 12 15 
3 6 8 15 
3 6 9 
3 6 9 12 
3 6 9 12 15 
3 6 9 15 
3 6 12 
3 6 12 15 
3 6 15 
3 8 
3 8 9 
3 8 9 12 
3 8 9 12 15 
3 8 9 15 
3 8 10 
3 8 10 12 
3 8 11 
3 8 11 12 
3 8 11 12 14 
3 8 11 12 14 15 
3 8 11 12 15 
3 8 11 14 
3 8 11 14 15 
3 8 11 15 
3 8 12 
3 8 12 14 
3 8 12 14 15 
3 8 12 15 
3 8 12 15 17 
3 8 12 17 
3 8 14 
3 8 14 15 
3 8 15 
3 8 15 17 
3 8 15 18 
3 8 17 
3 8 18 
3 9 
3 9 12 
3 9 12 15 
3 9 15 
3 10 
3 10 12 
3 11 
3 11 12 
3 11 12 14 
3 11 12 14 15 
3 11 12 15 
3 11 14 
3 11 14 15 
3 11 14 16 
3 11 15 
3 11 15 17 
3 11 15 17 18 
3 11 15 18 
3 11 16 
3 11 17 
3 11 17 18 
3 11 18 
3 12 
3 12 14 
3 12 14 15 
3 12 15 
3 12 15 17 
3 12 17 
3 14 
3 14 15 
3 14 16 
3 15 
3 15 17 
3 15 17 18 
3 15 18 
3 16 
3 17 
3 17 18 
3 18 
4 
4 6 
4 6 11 
4 6 11 14 
4 6 14 
4 8 
4 8 15 
4 8 15 18 
4 8 18 
4 9 
4 9 11 
4 9 11 12 
4 9 11 12 15 
4 9 11 15 
4 9 12 
4 9 12 15 
4 9 15 
4 10 
4 10 11 
4 10 11 16 
4 10 11 16 18 
4 10 11 18 
4 10 12 
4 10 12 14 
4 10 12 14 16 
4 10 12 14 16 17 
4 10 12 14 17 
4 10 12 16 
4 10 12 16 17 
4 10 12 17 
4 10 14 
4 10 14 16 
4 10 14 16 17 
4 10 14 17 
4 10 16 
4 10 16 17 
4 10 16 18 
4 10 17 
4 10 18 
4 11 
4 11 12 
4 11 12 15 
4 11 14 
4 11 15 
4 11 15 17 
4 11 15 17 18 
4 11 15 18 
4 11 16 
4 11 16 18 
4 11 17 
4 11 17 18 
4 11 18 
4 12 
4 12 14 
4 12 14 16 
4 12 14 16 17 
4 12 14 17 
4 12 15 
4 12 16 
4 12 16 17 
4 12 17 
4 14 
4 14 16 
4 14 16 17 
4 14 17 
4 15 
4 15 17 
4 15 17 18 
4 15 18 
4 16 
4 16 17 
4 16 18 
4 17 
4 17 18 
4 18 
5 
5 6 
5 6 8 
5 6 8 9 
5 6 8 9 12 
5 6 8 9 12 15 
5 6 8 9 15 
5 6 8 12 
5 6 8 12 15 
5 6 8 15 
5 6 9 
5 6 9 12 
5 6 9 12 15 
5 6 9 15 
5 6 12 
5 6 12 15 
5 6 15 
5 8 
5 8 9 
5 8 9 12 
5 8 9 12 15 
5 8 9 15 
5 8 12 
5 8 12 15 
5 8 15 
5 9 
5 9 12 
5 9 12 15 
5 9 15 
5 12 
5 12 15 
5 15 
6 
6 8 
6 8 9 
6 8 9 12 
6 8 9 12 15 
6 8 9 15 
6 8 12 
6 8 12 15 
6 8 15 
6 9 
6 9 12 
6 9 12 15 
6 9 15 
6 11 
6 11 14 
6 12 
6 12 15 
6 14 
6 15 
8 
8 9 
8 9 12 
8 9 12 15 
8 9 15 
8 10 
8 10 12 
8 11 
8 11 12 
8 11 12 14 
8 11 12 14 15 
8 11 12 15 
8 11 14 
8 11 14 15 
8 11 15 
8 12 
8 12 14 
8 12 14 15 
8 12 15 
8 12 15 17 
8 12 17 
8 14 
8 14 15 
8 15 
8 15 17 
8 15 18 
8 17 
8 18 
9 
9 11 
9 11 12 
9 11 12 15 
9 11 15 
9 12 
9 12 15 
9 15 
10 
10 11 
10 11 16 
10 11 16 18 
10 11 18 
10 12 
10 12 14 
10 12 14 16 
10 12 14 16 17 
10 12 14 17 
10 12 16 
10 12 16 17 
10 12 17 
10 14 
10 14 16 
10 14 16 17 
10 14 17 
10 16 
10 16 17 
10 16 18 
10 17 
10 17 18 
10 18 
11 
11 12 
11 12 14 
11 12 14 15 
11 12 15 
11 14 
11 14 15 
11 14 16 
11 15 
11 15 17 
11 15 17 18 
11 15 18 
11 16 
11 16 18 
11 17 
11 17 18 
11 18 
12 
12 14 
12 14 15 
12 14 16 
12 14 16 17 
12 14 17 
12 15 
12 15 17 
12 16 
12 16 17 
12 17 
14 
14 15 
14 16 
14 16 17 
14 17 
15 
15 17 
15 17 18 
15 18 
16 
16 17 
16 18 
17 
17 18 
18 
